(0.006601299,9.155e+23)
(0.00669668,9.168e+23)
(0.00679673,9.18e+23)
(0.00690345,9.193e+23)
(0.00701017,9.206e+23)
(0.00711689,9.219e+23)
(0.00723695,9.232e+23)
(0.00735701,9.245e+23) 
(0.00747707,9.258e+23)
(0.00761047,9.271e+23)
(0.00775054,9.284e+23)
(0.00789728,9.298e+23)
(0.00805736,9.313e+23)
(0.00821744,9.328e+23) 
(0.00839753,9.343e+23)
(0.00858429,9.359e+23)
(0.00879106,9.375e+23)
(0.00901117,9.392e+23)
(0.00924462,9.41e+23) 
(0.00950475,9.428e+23) 
(0.00977822,9.447e+23)
(0.01008504,9.467e+23)
(0.01041187,9.488e+23) 
(0.01077872,9.51e+23) 
(0.01117225,9.533e+23)
(0.01161247,9.557e+23) 
(0.01209271,9.582e+23) 
(0.01262631,9.606e+23) 
(0.01321327,9.634e+23)
(0.01386026,9.662e+23)
(0.01458062,9.692e+23) 
(0.01538102,9.722e+23) 
(0.01626813,9.753e+23)
(0.01724862,9.785e+23) 
(0.01833583,9.816e+23)
(0.01954977,9.851e+23) 
(0.02089044,9.886e+23)
(0.02237785,9.921e+23)
(0.02402534,9.956e+23)
(0.02584625,9.993e+23)
(0.02786059,1.003e+24)
(0.03008837,1.007e+24)
(0.0325496,1.011e+24)
(0.03526429,1.015e+24)
(0.03824578,1.019e+24)
(0.04152075,1.023e+24)
(0.04510254,1.028e+24)
(0.04900449,1.033e+24)
(0.0532266,1.038e+24)
(0.0577622,1.043e+24)
(0.06261129,1.048e+24) 
(0.0677672,1.054e+24) 
(0.0731699,1.06e+24)
(0.0788394,1.067e+24)
(0.084709,1.074e+24) 
(0.0909121,1.081e+24)
(0.0973153,1.089e+24)
(0.1041187,1.097e+24) 
(0.1111889,1.106e+24)
(0.118726,1.115e+24)
(0.1266633,1.125e+24)
(0.1351342,1.137e+24)
(0.1442721,1.149e+24)
(0.1539436,1.162e+24)
(0.1644155,1.177e+24)
(0.1755544,1.193e+24)
(0.187427,1.21e+24)
(0.2001,1.229e+24)
(0.2135067,1.249e+24)
(0.2275804,1.27e+24)
(0.2422544,1.292e+24) 
(0.257462,1.315e+24)
(0.2731365,1.339e+24)
(0.2890111,1.363e+24)
(0.3050858,1.387e+24)
(0.3211605,1.412e+24)
(0.3371685,1.436e+24)
(0.3530431,1.459e+24) 
(0.3685842,1.482e+24)
(0.3838585,1.504e+24)
(0.3986659,1.524e+24)
(0.4131398,1.544e+24)
(0.4272135,1.563e+24)
(0.4408203,1.581e+24) 
(0.4540269,1.598e+24)
(0.4669,1.614e+24)
(0.4793729,1.629e+24)
(0.4914456,1.642e+24) 
(0.5031848,1.655e+24)
(0.5145905,1.667e+24) 
(0.5256627,1.678e+24)
(0.5364681,1.688e+24)
(0.5468733,1.698e+24)
(0.5570117,1.706e+24)
(0.5668166,1.714e+24)
(0.5762213,1.721e+24)
(0.5853592,1.728e+24)
(0.5941636,1.733e+24) 
(0.6025678,1.738e+24) 
(0.6107052,1.743e+24)
(0.6184424,1.747e+24)
(0.6258461,1.75e+24)
(0.6329163,1.753e+24)
(0.6395863,1.755e+24)
(0.6460562,1.757e+24)
(0.6521926,1.759e+24) 
(0.6579955,1.76e+24)
(0.6635983,1.761e+24)
(0.669001,1.761e+24)
(0.67367,1.762e+24)
(0.679006,1.761e+24)
(0.683675,1.761e+24)
(0.688344,1.76e+24)
(0.692346,1.759e+24)
(0.697015,1.758e+24)
(0.701017,1.756e+24)
(0.705686,1.754e+24)
(0.709688,1.752e+24) 
(0.71369,1.75e+24)
(0.718359,1.747e+24)
(0.723028,1.745e+24)
(0.728364,1.741e+24) 
(0.7337,1.739e+24)
(0.74037,1.736e+24)
(0.747707,1.733e+24)
(0.758379,1.732e+24)
(0.771052,1.733e+24)
(0.789061,1.736e+24)
(0.812406,1.743e+24)
(0.843755,1.755e+24) 
(0.886443,1.776e+24) 
(0.941137,1.806e+24)
(1.007837,1.846e+24)
(1.098549,1.903e+24)
(1.197932,1.968e+24)
(1.324662,2.055e+24)
(1.460063,2.149e+24)
(1.622811,2.265e+24)
(1.788227,2.384e+24) 
(1.968984,2.516e+24)
(2.159746,2.657e+24)
(2.351842,2.796e+24)
(2.545939,2.939e+24) 
(2.738702,3.081e+24) 
(2.930798,3.219e+24)
(3.114223,3.352e+24)
(3.328997,3.505e+24) 
(3.498415,3.622e+24)
(3.694513,3.756e+24)
(3.899282,3.894e+24) 
(4.084041,4.014e+24)
(4.293479,4.149e+24)
(4.49558,4.274e+24)
(4.701016,4.398e+24) 
(4.927129,4.532e+24) 
(5.161913,4.668e+24)
(5.397364,4.798e+24)
(5.655493,4.938e+24) 
(5.931631,5.086e+24)
(6.213772,5.231e+24) 
(6.518591,5.384e+24)
(6.85009,5.547e+24)
(7.19026,5.71e+24)
(7.56378,5.884e+24)
(7.96398,6.065e+24)
(8.38419,6.252e+24)
(8.84442,6.45e+24) 
(9.32466,6.655e+24) 
(9.85159,6.872e+24)
(10.41854,7.102e+24)
(11.01884,7.34e+24) 
(11.66583,7.592e+24)
(12.37285,7.86e+24)
(13.13323,8.144e+24)
(13.95364,8.444e+24) 
(14.83408,8.762e+24)
(15.79456,9.104e+24)
(16.83508,9.469e+24)
(17.96231,9.86e+24) 
(19.19626,1.028e+25)
(20.53026,1.073e+25)
(21.99099,1.122e+25)
(23.58512,1.176e+25)
(25.35934,1.235e+25) 
(27.2803,1.298e+25)
(29.35467,1.367e+25)
(31.71585,1.444e+25)
(34.27713,1.529e+25)
(37.11855,1.622e+25)
(40.25345,1.725e+25)
(43.74853,1.84e+25) 
(47.63714,1.969e+25)
(51.98598,2.113e+25)
(56.84841,2.275e+25)
(62.14439,2.453e+25) 
(68.5009,2.668e+25) 
(75.1709,2.895e+25)
(82.9748,3.165e+25)
(91.9126,3.475e+25) 
(150.0,3.475e+25)
